128	192	224	240	248	252	254	255

128	64	32	16	8	4	2	1



								8	16	32	64
								16	32	64	128
								32	48	96	192
								40	64	128	256
2(*1)								48	80	160
								56	96	192
4(*2)								64	112	224
								72	128	256
8(*3)								80	144
								88	160
16(*4)								96	176
								104	192
32(*5)								112	208
								120	224
64(*6)								128	240	
								136	256
128(*7)								144
								152
256(*8)								160
								168
512(*9)								176
								184
1024(*10)							192
								200	
2048(*11)							208
								216
4096(*12)							224
								232
8192(*13)							240
								248
16384(*14)							256

32768(*15)

65536(*16)